[1,0,[[54,0],[322,0],[236,0],[73,0],[346,0],[126,0],[119,0],[280,0],[92,0],[88,0],[299,0],[48,0],[133,0],[194,0],[53,0],[315,0]]]
[2,0,[[343,0],[326,0],[116,0],[115,0],[149,0],[312,0],[226,0],[333,0],[20,0]]]
[3,0,[[323,0],[274,0],[9,0],[283,0],[67,0],[188,0],[122,0],[142,0],[72,0],[26,0],[25,0],[200,0],[280,0],[228,0],[85,0],[170,0]]]
[4,0,[[181,0],[78,0],[273,0],[328,0],[218,0],[275,0],[195,0],[152,0],[306,0]]]
[5,0,[[156,0],[169,0],[235,0],[158,0],[213,0],[316,0],[87,0],[315,0],[187,0],[204,0],[180,0],[122,0]]]
[6,0,[[95,0],[319,0],[219,0],[147,0],[89,0]]]
[7,0,[[315,0],[129,0],[308,0],[304,0],[246,0],[87,0],[339,0],[340,0],[291,0],[347,0],[168,0],[103,0],[31,0],[322,0],[65,0],[38,0],[22,0],[213,0],[136,0]]]
[8,0,[[110,0],[193,0],[201,0],[259,0],[264,0],[91,0],[245,0]]]
[9,0,[[188,0],[231,0],[3,0],[271,0],[69,0],[341,0],[25,0],[232,0],[295,0],[122,0],[291,0],[285,0],[21,0],[200,0],[185,0],[133,0],[297,0],[161,0],[272,0],[30,0],[75,0],[141,0],[186,0],[315,0],[169,0],[329,0],[148,0],[56,0],[224,0],[277,0],[142,0],[134,0],[72,0],[26,0],[79,0],[113,0],[342,0],[170,0],[66,0],[156,0],[119,0],[280,0],[199,0],[85,0],[334,0],[128,0],[105,0],[67,0],[304,0],[258,0],[176,0],[276,0],[323,0],[322,0],[203,0],[252,0]]]
[10,0,[[332,0],[323,0],[67,0],[200,0],[277,0],[285,0],[291,0],[169,0],[142,0]]]
[13,0,[[325,0],[65,0],[332,0],[199,0],[211,0],[119,0],[59,0],[109,0],[304,0],[26,0],[265,0],[56,0],[21,0],[271,0],[342,0],[239,0],[82,0],[252,0],[67,0],[313,0],[223,0],[148,0],[236,0],[98,0],[238,0],[172,0],[118,0],[261,0],[188,0],[277,0]]]
[14,0,[[115,0],[310,0],[343,0],[41,0],[326,0],[214,0],[149,0],[312,0],[144,0],[28,0],[116,0],[151,0],[226,0],[20,0]]]
[16,0,[[332,0],[172,0],[331,0],[29,0],[329,0],[118,0],[82,0],[261,0]]]
[17,0,[[115,0],[214,0],[144,0],[137,0],[312,0],[19,0],[111,0],[41,0],[116,0],[310,0],[140,0],[326,0]]]
[19,0,[[89,0],[41,0],[227,0],[319,0],[343,0],[112,0],[289,0],[138,0],[115,0],[17,0],[214,0],[174,0],[293,0],[312,0],[175,0]]]
[20,0,[[343,0],[14,0],[214,0],[111,0],[326,0],[149,0],[162,0],[312,0],[41,0],[226,0],[115,0],[2,0],[44,0],[333,0]]]
[21,0,[[127,0],[313,0],[67,0],[284,0],[25,0],[186,0],[39,0],[304,0],[345,0],[161,0],[108,0],[232,0],[66,0],[200,0],[315,0],[252,0],[109,0],[297,0],[325,0],[248,0],[123,0],[31,0],[323,0],[322,0],[122,0],[251,0],[98,0],[104,0],[13,0],[159,0],[40,0],[197,0],[26,0],[334,0],[280,0],[188,0],[165,0],[272,0],[281,0],[271,0],[236,0],[121,0],[235,0],[308,0],[136,0],[88,0],[119,0],[277,0],[105,0],[203,0],[239,0],[142,0],[332,0],[184,0],[9,0],[342,0],[223,0],[170,0],[169,0],[56,0],[55,0],[134,0],[212,0],[274,0]]]
[22,0,[[158,0],[347,0],[308,0],[185,0],[324,0],[168,0],[87,0],[277,0],[339,0],[7,0]]]
[23,0,[[267,0],[144,0],[124,0],[155,0],[237,0],[230,0],[240,0],[51,0],[99,0],[83,0],[190,0],[245,0],[175,0],[61,0],[227,0],[116,0]]]
[24,0,[[249,0],[57,0],[80,0],[92,0],[242,0],[94,0],[299,0],[101,0],[194,0],[180,0],[266,0],[187,0],[53,0],[302,0],[346,0]]]
[25,0,[[332,0],[246,0],[65,0],[170,0],[83,0],[322,0],[79,0],[26,0],[237,0],[130,0],[73,0],[113,0],[203,0],[257,0],[98,0],[325,0],[288,0],[236,0],[221,0],[103,0],[67,0],[185,0],[69,0],[21,0],[270,0],[239,0],[331,0],[122,0],[56,0],[224,0],[105,0],[271,0],[31,0],[39,0],[285,0],[9,0],[336,0],[40,0],[84,0],[188,0],[283,0],[3,0],[51,0],[272,0],[88,0],[200,0],[277,0],[291,0],[280,0],[199,0],[297,0],[141,0],[72,0],[252,0],[148,0],[104,0],[119,0],[76,0],[231,0],[176,0],[158,0],[232,0],[169,0],[276,0],[290,0],[186,0],[323,0],[94,0]]]
[26,0,[[212,0],[248,0],[56,0],[66,0],[142,0],[323,0],[25,0],[186,0],[104,0],[322,0],[325,0],[224,0],[113,0],[67,0],[169,0],[72,0],[109,0],[134,0],[295,0],[223,0],[285,0],[172,0],[119,0],[280,0],[257,0],[313,0],[13,0],[185,0],[133,0],[239,0],[170,0],[297,0],[62,0],[158,0],[332,0],[123,0],[200,0],[141,0],[291,0],[79,0],[188,0],[236,0],[98,0],[118,0],[128,0],[161,0],[276,0],[298,0],[315,0],[69,0],[40,0],[304,0],[55,0],[176,0],[271,0],[334,0],[122,0],[232,0],[308,0],[203,0],[265,0],[199,0],[9,0],[21,0],[3,0],[252,0],[277,0]]]
[27,0,[[329,0],[324,0],[119,0],[54,0]]]
[28,0,[[149,0],[14,0],[116,0],[41,0],[115,0],[140,0],[226,0],[326,0],[151,0],[144,0],[310,0],[312,0]]]
[29,0,[[211,0],[247,0],[82,0],[106,0],[203,0],[172,0],[40,0],[16,0],[231,0],[252,0],[118,0],[338,0]]]
[30,0,[[178,0],[304,0],[224,0],[188,0],[213,0],[271,0],[331,0],[329,0],[236,0],[73,0],[200,0],[322,0],[9,0],[48,0],[56,0],[303,0]]]
[31,0,[[84,0],[304,0],[122,0],[25,0],[21,0],[67,0],[7,0],[280,0],[142,0],[252,0],[109,0],[83,0],[338,0],[129,0],[200,0],[308,0],[339,0],[168,0],[291,0],[51,0],[237,0],[277,0]]]
[32,0,[[93,0],[337,0],[137,0],[310,0],[167,0]]]
[33,0,[[42,0]]]
[34,0,[[173,0]]]
[35,0,[[143,0]]]
[36,0,[[127,0],[281,0],[284,0],[108,0],[184,0],[135,0],[197,0],[320,0],[309,0],[251,0]]]
[38,0,[[332,0],[7,0],[339,0],[322,0],[178,0],[117,0],[248,0],[141,0]]]
[39,0,[[257,0],[119,0],[280,0],[313,0],[277,0],[69,0],[25,0],[200,0],[161,0],[165,0],[105,0],[21,0],[121,0],[141,0]]]
[40,0,[[258,0],[298,0],[25,0],[56,0],[67,0],[172,0],[132,0],[325,0],[26,0],[322,0],[113,0],[257,0],[203,0],[307,0],[21,0],[212,0],[77,0],[272,0],[265,0],[239,0],[317,0],[277,0],[142,0],[158,0],[224,0],[274,0],[141,0],[29,0],[304,0],[169,0],[72,0],[329,0],[315,0],[271,0],[334,0],[231,0],[280,0],[232,0],[133,0],[213,0],[200,0],[332,0],[199,0]]]
[41,0,[[20,0],[326,0],[19,0],[93,0],[312,0],[111,0],[343,0],[310,0],[337,0],[44,0],[28,0],[140,0],[226,0],[214,0],[137,0],[151,0],[14,0],[144,0],[116,0],[17,0],[115,0],[230,0],[243,0]]]
[42,0,[[33,0]]]
[44,0,[[41,0],[20,0],[111,0],[312,0],[343,0]]]
[45,0,[[345,0],[132,0],[303,0],[322,0],[186,0],[142,0],[200,0],[122,0],[104,0],[221,0],[67,0]]]
[46,0,[[143,0],[278,0],[175,0],[177,0]]]
[47,0,[[301,0]]]
[48,0,[[126,0],[130,0],[30,0],[53,0],[1,0],[302,0],[322,0],[199,0],[299,0],[271,0],[332,0],[119,0],[180,0],[330,0],[80,0],[203,0],[88,0],[73,0],[54,0],[320,0],[57,0]]]
[49,0,[[255,0],[241,0],[192,0]]]
[50,0,[[334,0],[148,0],[109,0],[331,0],[119,0],[146,0],[203,0],[113,0],[314,0],[277,0]]]
[51,0,[[31,0],[84,0],[23,0],[25,0],[83,0],[237,0]]]
[52,0,[[192,0]]]
[53,0,[[242,0],[1,0],[92,0],[88,0],[302,0],[248,0],[94,0],[194,0],[315,0],[130,0],[146,0],[180,0],[24,0],[266,0],[249,0],[101,0],[213,0],[330,0],[204,0],[332,0],[317,0],[54,0],[191,0],[254,0],[260,0],[322,0],[196,0],[48,0],[299,0],[346,0]]]
[54,0,[[48,0],[119,0],[53,0],[313,0],[329,0],[1,0],[27,0]]]
[55,0,[[185,0],[104,0],[123,0],[252,0],[186,0],[26,0],[122,0],[261,0],[67,0],[277,0],[56,0],[239,0],[170,0],[203,0],[21,0],[200,0]]]
[56,0,[[142,0],[113,0],[271,0],[223,0],[341,0],[172,0],[315,0],[25,0],[63,0],[13,0],[207,0],[98,0],[285,0],[323,0],[134,0],[261,0],[82,0],[213,0],[118,0],[265,0],[232,0],[331,0],[109,0],[325,0],[186,0],[170,0],[303,0],[21,0],[200,0],[188,0],[304,0],[291,0],[104,0],[322,0],[276,0],[290,0],[40,0],[72,0],[342,0],[231,0],[277,0],[211,0],[313,0],[222,0],[199,0],[30,0],[212,0],[60,0],[298,0],[136,0],[334,0],[9,0],[238,0],[122,0],[203,0],[59,0],[169,0],[221,0],[272,0],[332,0],[62,0],[161,0],[119,0],[66,0],[75,0],[55,0],[132,0],[103,0],[252,0],[239,0],[297,0],[128,0],[185,0],[141,0],[88,0],[26,0],[67,0]]]
[57,0,[[204,0],[320,0],[302,0],[242,0],[184,0],[346,0],[108,0],[48,0],[24,0],[80,0],[277,0],[249,0],[213,0],[92,0]]]
[58,0,[[171,0],[107,0],[269,0]]]
[59,0,[[118,0],[238,0],[13,0],[172,0],[82,0],[211,0],[98,0],[203,0],[250,0],[325,0],[261,0],[252,0],[186,0],[268,0],[239,0],[56,0],[271,0],[342,0]]]
[60,0,[[313,0],[158,0],[56,0],[322,0],[239,0],[291,0],[285,0]]]
[61,0,[[193,0],[23,0]]]
[62,0,[[96,0],[186,0],[133,0],[56,0],[130,0],[224,0],[26,0],[141,0],[341,0],[261,0],[98,0],[318,0],[322,0],[122,0],[199,0],[223,0],[170,0],[323,0],[239,0],[67,0],[142,0],[276,0],[161,0],[200,0],[236,0]]]
[63,0,[[271,0],[342,0],[261,0],[56,0],[313,0]]]
[64,0,[[150,0],[100,0],[189,0],[119,0],[171,0],[217,0]]]
[65,0,[[339,0],[203,0],[13,0],[252,0],[7,0],[297,0],[25,0],[118,0],[82,0],[261,0],[314,0]]]
[66,0,[[308,0],[122,0],[134,0],[334,0],[113,0],[26,0],[304,0],[252,0],[142,0],[239,0],[9,0],[67,0],[56,0],[21,0]]]
[67,0,[[122,0],[224,0],[82,0],[334,0],[79,0],[158,0],[261,0],[98,0],[156,0],[342,0],[199,0],[161,0],[118,0],[40,0],[315,0],[66,0],[31,0],[170,0],[113,0],[45,0],[285,0],[248,0],[324,0],[308,0],[236,0],[169,0],[56,0],[239,0],[223,0],[313,0],[10,0],[185,0],[3,0],[303,0],[265,0],[304,0],[25,0],[322,0],[134,0],[21,0],[72,0],[344,0],[277,0],[13,0],[213,0],[104,0],[128,0],[280,0],[26,0],[271,0],[325,0],[252,0],[332,0],[200,0],[196,0],[323,0],[9,0],[345,0],[62,0],[272,0],[109,0],[186,0],[75,0],[119,0],[123,0],[188,0],[290,0],[212,0],[203,0],[136,0],[297,0],[55,0],[142,0],[69,0],[141,0]]]
[68,0,[[296,0],[99,0],[263,0],[143,0],[227,0],[225,0],[175,0],[177,0]]]
[69,0,[[105,0],[39,0],[121,0],[236,0],[9,0],[304,0],[25,0],[26,0],[67,0]]]
[70,0,[[230,0]]]
[71,0,[[307,0],[230,0]]]
[72,0,[[271,0],[298,0],[239,0],[132,0],[329,0],[212,0],[25,0],[199,0],[172,0],[67,0],[9,0],[272,0],[291,0],[56,0],[232,0],[113,0],[26,0],[200,0],[3,0],[165,0],[252,0],[141,0],[40,0]]]
[73,0,[[88,0],[25,0],[30,0],[130,0],[48,0],[331,0],[1,0],[126,0],[299,0]]]
[75,0,[[258,0],[85,0],[322,0],[274,0],[272,0],[170,0],[188,0],[323,0],[56,0],[67,0],[304,0],[200,0],[9,0]]]
[76,0,[[25,0],[270,0]]]
[77,0,[[231,0],[294,0],[117,0],[332,0],[40,0]]]
[78,0,[[275,0],[328,0],[4,0],[195,0],[181,0],[306,0],[218,0],[273,0]]]
[79,0,[[185,0],[200,0],[9,0],[272,0],[119,0],[271,0],[25,0],[252,0],[67,0],[26,0],[188,0]]]
[80,0,[[330,0],[88,0],[180,0],[101,0],[204,0],[315,0],[242,0],[94,0],[173,0],[213,0],[249,0],[346,0],[299,0],[92,0],[300,0],[194,0],[266,0],[57,0],[48,0],[24,0],[320,0],[187,0]]]
[81,0,[[286,0],[269,0]]]
[82,0,[[268,0],[203,0],[318,0],[16,0],[84,0],[222,0],[211,0],[252,0],[238,0],[123,0],[119,0],[29,0],[98,0],[67,0],[325,0],[313,0],[172,0],[121,0],[261,0],[59,0],[199,0],[314,0],[170,0],[13,0],[148,0],[56,0],[118,0],[158,0],[331,0],[231,0],[169,0],[271,0],[65,0]]]
[83,0,[[237,0],[51,0],[84,0],[31,0],[25,0],[23,0]]]
[84,0,[[31,0],[313,0],[276,0],[304,0],[25,0],[265,0],[83,0],[237,0],[82,0],[224,0],[51,0],[236,0]]]
[85,0,[[75,0],[9,0],[272,0],[258,0],[274,0],[170,0],[3,0],[271,0],[322,0],[188,0],[323,0],[156,0],[176,0]]]
[86,0,[[227,0],[177,0],[175,0],[225,0],[278,0]]]
[87,0,[[291,0],[22,0],[7,0],[5,0],[308,0],[339,0],[322,0],[213,0],[246,0],[315,0],[161,0],[136,0]]]
[88,0,[[25,0],[178,0],[130,0],[53,0],[236,0],[242,0],[126,0],[56,0],[336,0],[1,0],[303,0],[322,0],[80,0],[106,0],[164,0],[48,0],[73,0],[186,0],[21,0]]]
[89,0,[[147,0],[219,0],[19,0],[327,0],[319,0],[95,0],[6,0]]]
[90,0,[[179,0]]]
[91,0,[[201,0],[264,0],[259,0],[245,0],[110,0],[193,0],[8,0]]]
[92,0,[[80,0],[57,0],[249,0],[101,0],[53,0],[302,0],[330,0],[254,0],[299,0],[266,0],[196,0],[204,0],[187,0],[94,0],[24,0],[180,0],[194,0],[1,0],[242,0],[346,0]]]
[93,0,[[111,0],[41,0],[32,0],[137,0],[337,0],[310,0],[167,0]]]
[94,0,[[330,0],[194,0],[101,0],[302,0],[25,0],[242,0],[266,0],[299,0],[204,0],[249,0],[187,0],[300,0],[92,0],[180,0],[254,0],[24,0],[315,0],[320,0],[80,0],[53,0],[346,0]]]
[95,0,[[327,0],[6,0],[147,0],[89,0],[319,0]]]
[96,0,[[62,0],[323,0],[314,0],[213,0],[224,0],[190,0],[274,0],[133,0]]]
[97,0,[[182,0],[230,0]]]
[98,0,[[332,0],[277,0],[109,0],[239,0],[304,0],[13,0],[200,0],[103,0],[211,0],[276,0],[123,0],[313,0],[199,0],[238,0],[342,0],[56,0],[62,0],[67,0],[291,0],[258,0],[118,0],[119,0],[82,0],[186,0],[25,0],[170,0],[26,0],[252,0],[265,0],[315,0],[141,0],[272,0],[59,0],[128,0],[280,0],[325,0],[261,0],[113,0],[122,0],[104,0],[203,0],[148,0],[285,0],[331,0],[223,0],[172,0],[271,0],[21,0]]]
[99,0,[[225,0],[175,0],[143,0],[177,0],[227,0],[131,0],[263,0],[278,0],[23,0],[102,0],[68,0],[296,0]]]
[100,0,[[189,0],[119,0],[64,0],[163,0],[269,0],[217,0],[323,0],[150,0]]]
[101,0,[[242,0],[180,0],[24,0],[92,0],[317,0],[254,0],[346,0],[249,0],[94,0],[204,0],[330,0],[53,0],[302,0],[266,0],[194,0],[187,0],[80,0],[299,0]]]
[102,0,[[175,0],[227,0],[263,0],[99,0],[296,0]]]
[103,0,[[211,0],[185,0],[323,0],[200,0],[252,0],[172,0],[7,0],[25,0],[98,0],[56,0],[136,0],[285,0],[169,0],[339,0],[271,0]]]
[104,0,[[252,0],[295,0],[332,0],[239,0],[277,0],[212,0],[271,0],[109,0],[98,0],[55,0],[45,0],[344,0],[128,0],[21,0],[142,0],[122,0],[113,0],[203,0],[325,0],[169,0],[188,0],[26,0],[25,0],[200,0],[186,0],[123,0],[67,0],[318,0],[322,0],[303,0],[56,0]]]
[105,0,[[315,0],[148,0],[25,0],[119,0],[280,0],[39,0],[69,0],[236,0],[257,0],[21,0],[272,0],[277,0],[9,0]]]
[106,0,[[332,0],[329,0],[238,0],[88,0],[231,0],[169,0],[29,0]]]
[107,0,[[58,0],[171,0]]]
[108,0,[[251,0],[127,0],[57,0],[272,0],[159,0],[184,0],[281,0],[320,0],[36,0],[21,0],[284,0],[197,0]]]
[109,0,[[325,0],[323,0],[297,0],[239,0],[277,0],[332,0],[98,0],[31,0],[13,0],[148,0],[50,0],[122,0],[304,0],[314,0],[271,0],[295,0],[169,0],[285,0],[229,0],[104,0],[142,0],[303,0],[203,0],[21,0],[252,0],[322,0],[331,0],[158,0],[324,0],[186,0],[67,0],[26,0],[200,0],[119,0],[56,0],[118,0]]]
[110,0,[[91,0],[8,0],[259,0],[264,0]]]
[111,0,[[137,0],[44,0],[326,0],[93,0],[41,0],[214,0],[17,0],[20,0],[310,0],[312,0],[337,0],[279,0],[343,0]]]
[112,0,[[174,0],[19,0]]]
[113,0,[[134,0],[169,0],[199,0],[334,0],[186,0],[56,0],[158,0],[188,0],[285,0],[122,0],[40,0],[252,0],[291,0],[50,0],[165,0],[98,0],[9,0],[121,0],[304,0],[200,0],[148,0],[203,0],[239,0],[277,0],[172,0],[72,0],[325,0],[313,0],[25,0],[67,0],[26,0],[271,0],[119,0],[342,0],[132,0],[66,0],[142,0],[261,0],[104,0]]]
[115,0,[[149,0],[214,0],[17,0],[144,0],[192,0],[220,0],[20,0],[326,0],[41,0],[343,0],[116,0],[262,0],[140,0],[14,0],[226,0],[312,0],[28,0],[137,0],[19,0],[2,0]]]
[116,0,[[28,0],[326,0],[115,0],[17,0],[162,0],[2,0],[41,0],[226,0],[214,0],[343,0],[144,0],[140,0],[312,0],[149,0],[23,0],[14,0]]]
[117,0,[[77,0],[38,0],[280,0],[285,0],[231,0]]]
[118,0,[[203,0],[265,0],[59,0],[313,0],[238,0],[222,0],[98,0],[16,0],[322,0],[109,0],[134,0],[67,0],[271,0],[161,0],[252,0],[82,0],[29,0],[304,0],[277,0],[56,0],[13,0],[65,0],[199,0],[324,0],[172,0],[342,0],[200,0],[331,0],[211,0],[268,0],[26,0],[239,0],[283,0],[261,0],[325,0]]]
[119,0,[[189,0],[261,0],[318,0],[324,0],[248,0],[1,0],[329,0],[98,0],[339,0],[27,0],[67,0],[56,0],[148,0],[21,0],[25,0],[200,0],[105,0],[203,0],[79,0],[132,0],[146,0],[342,0],[113,0],[64,0],[100,0],[297,0],[239,0],[277,0],[9,0],[229,0],[163,0],[269,0],[331,0],[150,0],[50,0],[13,0],[325,0],[125,0],[26,0],[82,0],[128,0],[280,0],[188,0],[109,0],[208,0],[199,0],[271,0],[122,0],[176,0],[217,0],[313,0],[185,0],[252,0],[332,0],[285,0],[39,0],[54,0],[171,0],[170,0],[48,0],[323,0]]]
[120,0,[[136,0],[277,0],[247,0]]]
[121,0,[[39,0],[113,0],[82,0],[315,0],[69,0],[21,0],[280,0],[236,0],[169,0],[206,0],[165,0]]]
[122,0,[[251,0],[136,0],[239,0],[281,0],[67,0],[232,0],[109,0],[119,0],[213,0],[276,0],[45,0],[98,0],[66,0],[9,0],[322,0],[315,0],[104,0],[62,0],[156,0],[297,0],[113,0],[345,0],[176,0],[5,0],[277,0],[26,0],[186,0],[169,0],[21,0],[271,0],[304,0],[332,0],[325,0],[188,0],[236,0],[235,0],[224,0],[252,0],[344,0],[161,0],[342,0],[170,0],[272,0],[3,0],[56,0],[303,0],[55,0],[25,0],[261,0],[200,0],[203,0],[31,0],[123,0],[280,0],[142,0],[128,0],[284,0],[274,0],[141,0],[248,0],[323,0],[285,0]]]
[123,0,[[252,0],[21,0],[122,0],[261,0],[55,0],[239,0],[104,0],[142,0],[82,0],[318,0],[200,0],[26,0],[186,0],[98,0],[67,0],[334,0],[342,0]]]
[124,0,[[23,0],[157,0],[170,0]]]
[125,0,[[169,0],[119,0],[136,0]]]
[126,0,[[1,0],[73,0],[260,0],[322,0],[88,0],[48,0]]]
[127,0,[[197,0],[346,0],[159,0],[184,0],[309,0],[320,0],[272,0],[139,0],[251,0],[108,0],[281,0],[21,0],[36,0],[284,0],[135,0]]]
[128,0,[[98,0],[203,0],[56,0],[199,0],[67,0],[223,0],[119,0],[315,0],[169,0],[211,0],[186,0],[150,0],[172,0],[334,0],[122,0],[248,0],[213,0],[170,0],[252,0],[271,0],[26,0],[176,0],[313,0],[322,0],[265,0],[104,0],[9,0]]]
[129,0,[[347,0],[339,0],[291,0],[31,0],[168,0],[7,0]]]
[130,0,[[277,0],[346,0],[213,0],[191,0],[62,0],[53,0],[322,0],[257,0],[25,0],[88,0],[73,0],[204,0],[300,0],[48,0],[329,0]]]
[131,0,[[225,0],[177,0],[143,0],[278,0],[227,0],[99,0]]]
[132,0,[[242,0],[113,0],[317,0],[72,0],[56,0],[334,0],[40,0],[311,0],[277,0],[303,0],[315,0],[119,0],[45,0],[158,0],[134,0]]]
[133,0,[[276,0],[232,0],[1,0],[9,0],[315,0],[322,0],[224,0],[280,0],[183,0],[188,0],[26,0],[236,0],[271,0],[40,0],[141,0],[96,0],[62,0]]]
[134,0,[[277,0],[248,0],[199,0],[238,0],[334,0],[142,0],[9,0],[113,0],[21,0],[203,0],[304,0],[252,0],[67,0],[66,0],[132,0],[26,0],[118,0],[56,0]]]
[135,0,[[127,0],[251,0],[320,0],[184,0],[284,0],[309,0],[197,0],[281,0],[36,0]]]
[136,0,[[67,0],[103,0],[324,0],[315,0],[285,0],[246,0],[125,0],[213,0],[87,0],[146,0],[21,0],[322,0],[120,0],[308,0],[169,0],[122,0],[304,0],[56,0],[339,0],[156,0],[7,0]]]
[137,0,[[243,0],[140,0],[337,0],[310,0],[326,0],[289,0],[32,0],[93,0],[17,0],[115,0],[214,0],[41,0],[111,0],[167,0],[312,0]]]
[138,0,[[19,0]]]
[139,0,[[159,0],[184,0],[127,0],[284,0],[197,0],[251,0],[281,0],[320,0]]]
[140,0,[[28,0],[116,0],[115,0],[144,0],[41,0],[312,0],[214,0],[17,0],[326,0],[137,0]]]
[141,0,[[25,0],[133,0],[272,0],[258,0],[323,0],[9,0],[236,0],[56,0],[38,0],[271,0],[239,0],[276,0],[98,0],[26,0],[62,0],[40,0],[304,0],[199,0],[291,0],[72,0],[122,0],[39,0],[257,0],[280,0],[67,0],[172,0],[224,0]]]
[142,0,[[239,0],[188,0],[203,0],[45,0],[26,0],[67,0],[10,0],[3,0],[169,0],[236,0],[252,0],[200,0],[315,0],[280,0],[186,0],[113,0],[332,0],[62,0],[308,0],[40,0],[123,0],[21,0],[297,0],[334,0],[56,0],[134,0],[170,0],[109,0],[303,0],[323,0],[9,0],[104,0],[285,0],[161,0],[277,0],[31,0],[271,0],[122,0],[158,0],[322,0],[345,0],[66,0]]]
[143,0,[[321,0],[99,0],[35,0],[46,0],[225,0],[68,0],[227,0],[278,0],[131,0],[175,0],[177,0]]]
[144,0,[[312,0],[140,0],[149,0],[115,0],[28,0],[41,0],[116,0],[17,0],[151,0],[343,0],[23,0],[14,0],[326,0],[226,0]]]
[145,0,[[179,0]]]
[146,0,[[53,0],[119,0],[317,0],[148,0],[136,0],[285,0],[339,0],[50,0],[313,0]]]
[147,0,[[89,0],[219,0],[6,0],[319,0],[95,0]]]
[148,0,[[224,0],[185,0],[271,0],[261,0],[98,0],[13,0],[146,0],[9,0],[82,0],[105,0],[176,0],[272,0],[339,0],[229,0],[25,0],[113,0],[50,0],[109,0],[119,0]]]
[149,0,[[14,0],[28,0],[116,0],[312,0],[144,0],[333,0],[343,0],[2,0],[115,0],[326,0],[162,0],[226,0],[20,0]]]
[150,0,[[119,0],[217,0],[324,0],[100,0],[171,0],[189,0],[64,0],[329,0],[163,0],[128,0]]]
[151,0,[[14,0],[28,0],[312,0],[310,0],[144,0],[41,0]]]
[152,0,[[181,0],[339,0],[275,0],[4,0]]]
[153,0,[[280,0]]]
[154,0,[[219,0]]]
[155,0,[[23,0],[157,0]]]
[156,0,[[272,0],[235,0],[9,0],[85,0],[258,0],[5,0],[136,0],[122,0],[188,0],[67,0],[295,0]]]
[157,0,[[155,0],[124,0]]]
[158,0,[[60,0],[232,0],[168,0],[291,0],[322,0],[317,0],[5,0],[332,0],[248,0],[109,0],[132,0],[325,0],[67,0],[25,0],[242,0],[113,0],[142,0],[22,0],[82,0],[304,0],[339,0],[315,0],[26,0],[40,0]]]
[159,0,[[197,0],[284,0],[21,0],[108,0],[272,0],[184,0],[345,0],[320,0],[277,0],[281,0],[127,0],[172,0],[139,0]]]
[160,0,[[260,0]]]
[161,0,[[325,0],[203,0],[213,0],[67,0],[304,0],[122,0],[314,0],[39,0],[322,0],[199,0],[277,0],[271,0],[9,0],[258,0],[26,0],[62,0],[87,0],[339,0],[21,0],[252,0],[118,0],[56,0],[308,0],[142,0]]]
[162,0,[[333,0],[116,0],[312,0],[20,0],[326,0],[343,0],[149,0]]]
[163,0,[[150,0],[100,0],[249,0],[119,0],[173,0]]]
[164,0,[[285,0],[88,0]]]
[165,0,[[21,0],[188,0],[342,0],[334,0],[39,0],[200,0],[169,0],[113,0],[72,0],[121,0]]]
[166,0,[[173,0],[198,0],[202,0]]]
[167,0,[[310,0],[243,0],[337,0],[137,0],[32,0],[93,0]]]
[168,0,[[339,0],[277,0],[158,0],[129,0],[291,0],[22,0],[7,0],[347,0],[31,0],[304,0]]]
[169,0,[[252,0],[106,0],[10,0],[165,0],[109,0],[103,0],[322,0],[82,0],[248,0],[25,0],[67,0],[280,0],[291,0],[239,0],[121,0],[257,0],[113,0],[128,0],[125,0],[9,0],[142,0],[5,0],[277,0],[332,0],[185,0],[104,0],[122,0],[21,0],[315,0],[236,0],[26,0],[318,0],[334,0],[56,0],[40,0],[136,0],[271,0]]]
[170,0,[[252,0],[122,0],[62,0],[119,0],[239,0],[323,0],[75,0],[98,0],[9,0],[341,0],[85,0],[55,0],[277,0],[186,0],[188,0],[223,0],[211,0],[334,0],[203,0],[313,0],[25,0],[21,0],[322,0],[67,0],[26,0],[124,0],[185,0],[82,0],[332,0],[285,0],[200,0],[271,0],[260,0],[290,0],[268,0],[342,0],[304,0],[128,0],[3,0],[315,0],[250,0],[142,0],[274,0],[56,0],[176,0]]]
[171,0,[[58,0],[217,0],[64,0],[189,0],[119,0],[150,0],[107,0]]]
[172,0,[[313,0],[231,0],[203,0],[268,0],[59,0],[298,0],[223,0],[128,0],[159,0],[40,0],[325,0],[56,0],[113,0],[304,0],[16,0],[332,0],[26,0],[329,0],[308,0],[212,0],[13,0],[265,0],[82,0],[103,0],[72,0],[199,0],[261,0],[118,0],[271,0],[29,0],[98,0],[211,0],[252,0],[238,0],[239,0],[141,0],[277,0],[331,0],[232,0],[342,0]]]
[173,0,[[202,0],[166,0],[34,0],[80,0],[163,0]]]
[174,0,[[19,0],[112,0],[293,0]]]
[175,0,[[263,0],[296,0],[227,0],[177,0],[143,0],[23,0],[102,0],[68,0],[225,0],[277,0],[19,0],[86,0],[99,0],[321,0],[278,0],[46,0]]]
[176,0,[[188,0],[122,0],[119,0],[148,0],[85,0],[271,0],[25,0],[26,0],[170,0],[239,0],[290,0],[128,0],[9,0]]]
[177,0,[[68,0],[86,0],[143,0],[46,0],[99,0],[227,0],[225,0],[131,0],[175,0],[278,0]]]
[178,0,[[329,0],[272,0],[186,0],[206,0],[231,0],[303,0],[322,0],[345,0],[30,0],[88,0],[213,0],[38,0]]]
[179,0,[[90,0],[145,0]]]
[180,0,[[299,0],[302,0],[249,0],[92,0],[346,0],[53,0],[101,0],[94,0],[5,0],[254,0],[204,0],[266,0],[196,0],[194,0],[242,0],[24,0],[187,0],[48,0],[80,0]]]
[181,0,[[306,0],[218,0],[4,0],[273,0],[78,0],[328,0],[195,0],[275,0],[152,0]]]
[182,0,[[253,0],[97,0]]]
[183,0,[[133,0]]]
[184,0,[[108,0],[272,0],[251,0],[197,0],[309,0],[284,0],[127,0],[320,0],[57,0],[36,0],[281,0],[346,0],[139,0],[135,0],[21,0],[329,0],[159,0]]]
[185,0,[[26,0],[272,0],[170,0],[188,0],[148,0],[79,0],[67,0],[9,0],[285,0],[56,0],[200,0],[297,0],[25,0],[280,0],[22,0],[119,0],[322,0],[103,0],[274,0],[315,0],[55,0],[290,0],[344,0],[169,0],[271,0]]]
[186,0,[[25,0],[88,0],[271,0],[331,0],[122,0],[223,0],[113,0],[272,0],[98,0],[325,0],[303,0],[252,0],[123,0],[26,0],[56,0],[277,0],[222,0],[213,0],[142,0],[104,0],[323,0],[188,0],[322,0],[239,0],[221,0],[128,0],[236,0],[21,0],[170,0],[200,0],[67,0],[285,0],[62,0],[45,0],[203,0],[59,0],[9,0],[345,0],[178,0],[199,0],[55,0],[109,0],[341,0]]]
[187,0,[[266,0],[299,0],[242,0],[5,0],[180,0],[249,0],[194,0],[80,0],[94,0],[254,0],[346,0],[92,0],[101,0],[302,0],[24,0]]]
[188,0,[[208,0],[13,0],[186,0],[85,0],[156,0],[223,0],[280,0],[122,0],[79,0],[334,0],[185,0],[341,0],[200,0],[322,0],[258,0],[272,0],[176,0],[271,0],[297,0],[113,0],[3,0],[224,0],[142,0],[274,0],[252,0],[290,0],[75,0],[21,0],[277,0],[9,0],[342,0],[26,0],[30,0],[239,0],[291,0],[67,0],[56,0],[165,0],[25,0],[323,0],[170,0],[315,0],[304,0],[104,0],[285,0],[119,0],[133,0]]]
[189,0,[[171,0],[119,0],[150,0],[64,0],[100,0],[217,0]]]
[190,0,[[229,0],[96,0],[23,0]]]
[191,0,[[53,0],[130,0]]]
[192,0,[[115,0],[52,0],[205,0],[49,0]]]
[193,0,[[61,0],[8,0],[91,0],[259,0]]]
[194,0,[[53,0],[302,0],[299,0],[1,0],[187,0],[24,0],[94,0],[92,0],[254,0],[249,0],[204,0],[180,0],[101,0],[346,0],[266,0],[80,0],[196,0],[242,0]]]
[195,0,[[328,0],[78,0],[273,0],[218,0],[275,0],[4,0],[306,0],[181,0]]]
[196,0,[[285,0],[180,0],[254,0],[204,0],[53,0],[194,0],[346,0],[92,0],[266,0],[330,0],[67,0],[249,0]]]
[197,0,[[135,0],[184,0],[159,0],[281,0],[309,0],[329,0],[21,0],[284,0],[108,0],[36,0],[272,0],[320,0],[251,0],[127,0],[139,0]]]
[198,0,[[166,0]]]
[199,0,[[313,0],[26,0],[200,0],[72,0],[13,0],[271,0],[342,0],[141,0],[211,0],[161,0],[232,0],[48,0],[62,0],[223,0],[288,0],[322,0],[231,0],[324,0],[298,0],[314,0],[252,0],[67,0],[25,0],[82,0],[40,0],[9,0],[186,0],[291,0],[134,0],[113,0],[128,0],[56,0],[172,0],[239,0],[325,0],[238,0],[315,0],[203,0],[98,0],[119,0],[261,0],[212,0],[118,0],[265,0],[222,0],[304,0]]]
[200,0,[[142,0],[45,0],[252,0],[62,0],[72,0],[223,0],[40,0],[332,0],[119,0],[10,0],[186,0],[185,0],[322,0],[21,0],[103,0],[236,0],[203,0],[248,0],[274,0],[232,0],[334,0],[118,0],[79,0],[239,0],[324,0],[104,0],[165,0],[325,0],[224,0],[31,0],[25,0],[297,0],[56,0],[304,0],[280,0],[26,0],[285,0],[271,0],[276,0],[113,0],[9,0],[55,0],[199,0],[67,0],[75,0],[3,0],[323,0],[170,0],[30,0],[39,0],[122,0],[188,0],[277,0],[109,0],[123,0],[98,0]]]
[201,0,[[259,0],[8,0],[91,0]]]
[202,0,[[173,0],[329,0],[166,0]]]
[203,0,[[270,0],[338,0],[341,0],[98,0],[40,0],[271,0],[122,0],[277,0],[55,0],[199,0],[324,0],[48,0],[304,0],[128,0],[322,0],[113,0],[134,0],[223,0],[142,0],[172,0],[26,0],[104,0],[119,0],[315,0],[109,0],[239,0],[238,0],[29,0],[50,0],[272,0],[265,0],[334,0],[342,0],[118,0],[285,0],[261,0],[325,0],[56,0],[308,0],[268,0],[186,0],[170,0],[9,0],[331,0],[200,0],[82,0],[67,0],[297,0],[211,0],[65,0],[313,0],[161,0],[59,0],[21,0],[25,0],[332,0]]]
[204,0,[[180,0],[194,0],[302,0],[330,0],[277,0],[101,0],[254,0],[346,0],[80,0],[242,0],[329,0],[57,0],[266,0],[249,0],[53,0],[92,0],[130,0],[94,0],[5,0],[196,0],[213,0]]]
[205,0,[[192,0]]]
[206,0,[[121,0],[260,0],[178,0]]]
[207,0,[[56,0],[322,0]]]
[208,0,[[119,0],[332,0],[285,0],[277,0],[291,0],[188,0]]]
[211,0,[[172,0],[315,0],[268,0],[265,0],[170,0],[271,0],[313,0],[304,0],[59,0],[223,0],[239,0],[261,0],[238,0],[118,0],[29,0],[285,0],[342,0],[103,0],[222,0],[13,0],[128,0],[272,0],[56,0],[203,0],[331,0],[82,0],[98,0],[325,0],[199,0]]]
[212,0,[[298,0],[21,0],[271,0],[104,0],[26,0],[72,0],[56,0],[295,0],[199,0],[252,0],[40,0],[232,0],[172,0],[239,0],[344,0],[304,0],[67,0]]]
[213,0,[[56,0],[308,0],[291,0],[236,0],[67,0],[5,0],[231,0],[7,0],[239,0],[303,0],[178,0],[130,0],[80,0],[340,0],[136,0],[242,0],[285,0],[224,0],[249,0],[204,0],[322,0],[30,0],[277,0],[332,0],[324,0],[40,0],[161,0],[122,0],[128,0],[315,0],[53,0],[96,0],[272,0],[345,0],[246,0],[87,0],[57,0],[186,0]]]
[214,0,[[19,0],[140,0],[343,0],[312,0],[111,0],[230,0],[289,0],[17,0],[333,0],[115,0],[326,0],[14,0],[41,0],[137,0],[116,0],[20,0]]]
[216,0,[[243,0]]]
[217,0,[[189,0],[100,0],[150,0],[324,0],[171,0],[64,0],[119,0]]]
[218,0,[[306,0],[4,0],[195,0],[275,0],[273,0],[181,0],[328,0],[78,0]]]
[219,0,[[154,0],[6,0],[147,0],[89,0],[319,0]]]
[220,0,[[262,0],[312,0],[115,0]]]
[221,0,[[25,0],[186,0],[45,0],[56,0],[303,0],[322,0],[285,0]]]
[222,0,[[211,0],[186,0],[240,0],[82,0],[325,0],[238,0],[56,0],[313,0],[199,0],[118,0]]]
[223,0,[[62,0],[211,0],[325,0],[26,0],[313,0],[252,0],[21,0],[56,0],[128,0],[265,0],[13,0],[188,0],[67,0],[261,0],[239,0],[246,0],[315,0],[98,0],[200,0],[342,0],[199,0],[271,0],[172,0],[186,0],[203,0],[170,0]]]
[224,0,[[40,0],[62,0],[324,0],[304,0],[188,0],[315,0],[30,0],[96,0],[236,0],[26,0],[271,0],[133,0],[25,0],[322,0],[148,0],[276,0],[9,0],[213,0],[67,0],[332,0],[291,0],[122,0],[200,0],[232,0],[141,0],[84,0],[261,0]]]
[225,0,[[131,0],[68,0],[143,0],[278,0],[175,0],[177,0],[99,0],[227,0],[86,0]]]
[226,0,[[333,0],[115,0],[149,0],[144,0],[20,0],[326,0],[116,0],[14,0],[41,0],[312,0],[28,0],[2,0],[343,0]]]
[227,0,[[131,0],[175,0],[19,0],[99,0],[278,0],[263,0],[225,0],[143,0],[296,0],[102,0],[86,0],[23,0],[68,0],[177,0]]]
[228,0,[[3,0],[283,0]]]
[229,0,[[119,0],[148,0],[190,0],[109,0],[334,0]]]
[230,0,[[214,0],[41,0],[97,0],[253,0],[71,0],[307,0],[23,0],[70,0]]]
[231,0,[[25,0],[199,0],[239,0],[56,0],[329,0],[291,0],[77,0],[280,0],[82,0],[29,0],[213,0],[332,0],[106,0],[40,0],[172,0],[232,0],[9,0],[178,0],[315,0],[117,0]]]
[232,0,[[271,0],[291,0],[122,0],[322,0],[172,0],[72,0],[239,0],[25,0],[26,0],[199,0],[280,0],[133,0],[276,0],[9,0],[224,0],[21,0],[158,0],[231,0],[298,0],[40,0],[212,0],[56,0],[200,0],[285,0]]]
[233,0,[[256,0]]]
[234,0,[[239,0]]]
[235,0,[[156,0],[122,0],[21,0],[5,0]]]
[236,0,[[30,0],[84,0],[248,0],[318,0],[200,0],[133,0],[25,0],[26,0],[1,0],[67,0],[252,0],[314,0],[141,0],[315,0],[322,0],[21,0],[213,0],[276,0],[224,0],[122,0],[304,0],[272,0],[303,0],[13,0],[257,0],[121,0],[280,0],[69,0],[271,0],[88,0],[62,0],[105,0],[297,0],[169,0],[142,0],[186,0]]]
[237,0,[[83,0],[25,0],[23,0],[84,0],[51,0],[31,0]]]
[238,0,[[118,0],[98,0],[252,0],[325,0],[313,0],[106,0],[172,0],[271,0],[324,0],[13,0],[261,0],[134,0],[199,0],[59,0],[211,0],[203,0],[82,0],[56,0],[222,0],[342,0],[239,0],[265,0]]]
[239,0,[[142,0],[265,0],[40,0],[186,0],[98,0],[104,0],[303,0],[285,0],[231,0],[304,0],[118,0],[271,0],[72,0],[272,0],[280,0],[59,0],[188,0],[113,0],[213,0],[170,0],[176,0],[344,0],[199,0],[13,0],[200,0],[338,0],[277,0],[56,0],[60,0],[66,0],[123,0],[25,0],[261,0],[55,0],[295,0],[169,0],[67,0],[109,0],[119,0],[313,0],[26,0],[122,0],[322,0],[232,0],[203,0],[325,0],[323,0],[234,0],[212,0],[276,0],[21,0],[211,0],[252,0],[223,0],[141,0],[238,0],[62,0],[172,0]]]
[240,0,[[222,0],[23,0]]]
[241,0,[[49,0]]]
[242,0,[[92,0],[88,0],[187,0],[302,0],[213,0],[94,0],[346,0],[330,0],[322,0],[299,0],[132,0],[254,0],[24,0],[101,0],[80,0],[158,0],[180,0],[204,0],[266,0],[53,0],[249,0],[194,0],[57,0]]]
[243,0,[[137,0],[310,0],[337,0],[167,0],[216,0],[41,0],[312,0]]]
[244,0,[[282,0]]]
[245,0,[[23,0],[91,0],[259,0],[8,0]]]
[246,0,[[25,0],[285,0],[87,0],[136,0],[304,0],[340,0],[308,0],[322,0],[213,0],[223,0],[315,0],[339,0],[7,0]]]
[247,0,[[120,0],[29,0]]]
[248,0,[[134,0],[291,0],[236,0],[265,0],[128,0],[158,0],[122,0],[311,0],[119,0],[200,0],[21,0],[252,0],[67,0],[53,0],[26,0],[169,0],[38,0],[323,0],[277,0],[332,0]]]
[249,0,[[53,0],[163,0],[204,0],[80,0],[92,0],[196,0],[242,0],[330,0],[94,0],[299,0],[101,0],[346,0],[304,0],[194,0],[266,0],[254,0],[315,0],[187,0],[24,0],[302,0],[180,0],[213,0],[57,0]]]
[250,0,[[170,0],[322,0],[252,0],[59,0]]]
[251,0,[[184,0],[127,0],[139,0],[309,0],[122,0],[320,0],[197,0],[21,0],[135,0],[281,0],[108,0],[36,0],[284,0]]]
[252,0,[[170,0],[118,0],[342,0],[239,0],[188,0],[313,0],[238,0],[334,0],[304,0],[161,0],[297,0],[55,0],[277,0],[280,0],[324,0],[261,0],[212,0],[21,0],[9,0],[250,0],[345,0],[172,0],[169,0],[271,0],[67,0],[142,0],[98,0],[119,0],[104,0],[59,0],[56,0],[223,0],[285,0],[31,0],[72,0],[272,0],[128,0],[66,0],[308,0],[26,0],[79,0],[122,0],[199,0],[315,0],[186,0],[25,0],[265,0],[82,0],[322,0],[123,0],[325,0],[103,0],[65,0],[13,0],[200,0],[29,0],[113,0],[134,0],[109,0],[236,0],[338,0],[248,0],[291,0],[332,0]]]
[253,0,[[230,0],[182,0]]]
[254,0,[[180,0],[266,0],[92,0],[196,0],[242,0],[94,0],[299,0],[249,0],[53,0],[346,0],[204,0],[330,0],[101,0],[187,0],[302,0],[194,0]]]
[255,0,[[49,0]]]
[256,0,[[233,0]]]
[257,0,[[105,0],[304,0],[141,0],[322,0],[130,0],[258,0],[40,0],[39,0],[295,0],[272,0],[344,0],[25,0],[280,0],[315,0],[236,0],[169,0],[26,0]]]
[258,0,[[291,0],[98,0],[156,0],[75,0],[323,0],[272,0],[85,0],[40,0],[295,0],[161,0],[188,0],[141,0],[9,0],[257,0]]]
[259,0,[[264,0],[91,0],[245,0],[193,0],[110,0],[201,0],[8,0]]]
[260,0,[[170,0],[339,0],[322,0],[206,0],[53,0],[126,0],[160,0]]]
[261,0,[[56,0],[172,0],[55,0],[318,0],[199,0],[252,0],[62,0],[342,0],[59,0],[285,0],[119,0],[265,0],[13,0],[148,0],[224,0],[238,0],[82,0],[67,0],[203,0],[239,0],[98,0],[345,0],[118,0],[122,0],[211,0],[314,0],[297,0],[313,0],[123,0],[223,0],[65,0],[268,0],[113,0],[325,0],[271,0],[16,0],[63,0]]]
[262,0,[[312,0],[115,0],[220,0]]]
[263,0,[[68,0],[227,0],[99,0],[296,0],[102,0],[175,0]]]
[264,0,[[110,0],[259,0],[8,0],[91,0]]]
[265,0,[[313,0],[26,0],[252,0],[271,0],[13,0],[248,0],[211,0],[261,0],[172,0],[118,0],[84,0],[342,0],[298,0],[238,0],[325,0],[223,0],[239,0],[331,0],[67,0],[311,0],[128,0],[199,0],[203,0],[56,0],[98,0],[40,0]]]
[266,0,[[94,0],[346,0],[180,0],[92,0],[24,0],[187,0],[194,0],[204,0],[254,0],[101,0],[80,0],[242,0],[196,0],[53,0],[302,0],[330,0],[249,0]]]
[267,0,[[23,0]]]
[268,0,[[172,0],[261,0],[170,0],[211,0],[271,0],[59,0],[203,0],[82,0],[325,0],[118,0]]]
[269,0,[[100,0],[329,0],[81,0],[119,0],[58,0]]]
[270,0,[[25,0],[203,0],[76,0]]]
[271,0,[[56,0],[314,0],[63,0],[104,0],[298,0],[118,0],[67,0],[98,0],[200,0],[85,0],[186,0],[161,0],[313,0],[72,0],[122,0],[280,0],[268,0],[212,0],[238,0],[109,0],[82,0],[342,0],[48,0],[323,0],[318,0],[223,0],[103,0],[291,0],[169,0],[148,0],[224,0],[290,0],[26,0],[13,0],[113,0],[315,0],[9,0],[265,0],[325,0],[272,0],[128,0],[59,0],[297,0],[211,0],[261,0],[239,0],[285,0],[40,0],[176,0],[199,0],[185,0],[236,0],[170,0],[119,0],[331,0],[142,0],[141,0],[277,0],[322,0],[276,0],[25,0],[332,0],[172,0],[21,0],[79,0],[133,0],[203,0],[232,0],[30,0],[188,0],[252,0],[304,0]]]
[272,0,[[85,0],[67,0],[56,0],[252,0],[105,0],[257,0],[79,0],[141,0],[197,0],[178,0],[291,0],[329,0],[280,0],[188,0],[184,0],[72,0],[320,0],[122,0],[127,0],[239,0],[98,0],[25,0],[258,0],[156,0],[148,0],[75,0],[281,0],[40,0],[213,0],[277,0],[271,0],[185,0],[297,0],[285,0],[236,0],[211,0],[9,0],[304,0],[108,0],[21,0],[346,0],[203,0],[159,0],[186,0]]]
[273,0,[[4,0],[195,0],[306,0],[275,0],[218,0],[181,0],[78,0],[328,0]]]
[274,0,[[185,0],[200,0],[170,0],[85,0],[3,0],[323,0],[96,0],[122,0],[40,0],[75,0],[21,0],[341,0],[188,0]]]
[275,0,[[306,0],[328,0],[152,0],[4,0],[181,0],[78,0],[195,0],[218,0],[273,0]]]
[276,0,[[84,0],[322,0],[141,0],[224,0],[56,0],[239,0],[62,0],[232,0],[133,0],[200,0],[271,0],[236,0],[9,0],[98,0],[122,0],[25,0],[26,0]]]
[277,0,[[204,0],[130,0],[203,0],[134,0],[21,0],[40,0],[56,0],[13,0],[169,0],[104,0],[122,0],[322,0],[118,0],[168,0],[323,0],[31,0],[290,0],[342,0],[172,0],[248,0],[9,0],[113,0],[142,0],[239,0],[109,0],[119,0],[311,0],[132,0],[315,0],[200,0],[10,0],[294,0],[304,0],[50,0],[25,0],[280,0],[285,0],[272,0],[22,0],[67,0],[252,0],[208,0],[339,0],[188,0],[334,0],[291,0],[26,0],[213,0],[159,0],[98,0],[170,0],[120,0],[55,0],[325,0],[332,0],[57,0],[175,0],[105,0],[186,0],[324,0],[308,0],[161,0],[39,0],[271,0]]]
[278,0,[[227,0],[143,0],[177,0],[99,0],[131,0],[175,0],[46,0],[225,0],[86,0]]]
[279,0,[[111,0]]]
[280,0,[[297,0],[323,0],[200,0],[40,0],[39,0],[185,0],[133,0],[232,0],[31,0],[329,0],[117,0],[119,0],[9,0],[153,0],[3,0],[322,0],[277,0],[169,0],[21,0],[257,0],[271,0],[25,0],[141,0],[26,0],[67,0],[291,0],[239,0],[142,0],[315,0],[122,0],[105,0],[252,0],[290,0],[304,0],[231,0],[332,0],[121,0],[188,0],[98,0],[236,0],[1,0],[272,0]]]
[281,0,[[122,0],[135,0],[309,0],[184,0],[139,0],[36,0],[127,0],[197,0],[272,0],[21,0],[320,0],[284,0],[108,0],[251,0],[159,0]]]
[282,0,[[244,0]]]
[283,0,[[118,0],[25,0],[228,0],[3,0]]]
[284,0,[[127,0],[309,0],[122,0],[139,0],[320,0],[329,0],[135,0],[251,0],[281,0],[197,0],[36,0],[21,0],[159,0],[184,0],[108,0]]]
[285,0,[[188,0],[332,0],[322,0],[203,0],[252,0],[239,0],[26,0],[25,0],[113,0],[272,0],[67,0],[232,0],[345,0],[142,0],[98,0],[10,0],[109,0],[261,0],[342,0],[56,0],[211,0],[122,0],[119,0],[60,0],[186,0],[9,0],[304,0],[221,0],[196,0],[185,0],[303,0],[277,0],[117,0],[164,0],[313,0],[315,0],[208,0],[323,0],[170,0],[213,0],[271,0],[200,0],[136,0],[246,0],[146,0],[103,0]]]
[286,0,[[81,0]]]
[288,0,[[199,0],[25,0],[315,0]]]
[289,0,[[19,0],[214,0],[137,0]]]
[290,0,[[67,0],[271,0],[277,0],[185,0],[188,0],[342,0],[280,0],[322,0],[56,0],[323,0],[176,0],[170,0],[25,0]]]
[291,0,[[339,0],[271,0],[329,0],[9,0],[277,0],[168,0],[231,0],[113,0],[26,0],[98,0],[208,0],[141,0],[248,0],[315,0],[60,0],[56,0],[129,0],[199,0],[232,0],[252,0],[87,0],[158,0],[169,0],[7,0],[258,0],[31,0],[188,0],[272,0],[213,0],[72,0],[332,0],[224,0],[25,0],[280,0],[10,0]]]
[293,0,[[174,0],[19,0]]]
[294,0,[[77,0],[277,0]]]
[295,0,[[257,0],[258,0],[156,0],[109,0],[9,0],[26,0],[212,0],[104,0],[239,0]]]
[296,0,[[68,0],[227,0],[263,0],[175,0],[99,0],[102,0]]]
[297,0,[[25,0],[271,0],[109,0],[236,0],[122,0],[272,0],[119,0],[261,0],[324,0],[142,0],[56,0],[252,0],[65,0],[200,0],[323,0],[9,0],[203,0],[280,0],[322,0],[188,0],[67,0],[21,0],[185,0],[26,0]]]
[298,0,[[199,0],[232,0],[212,0],[26,0],[172,0],[72,0],[56,0],[271,0],[265,0],[40,0]]]
[299,0,[[1,0],[300,0],[302,0],[80,0],[73,0],[53,0],[242,0],[330,0],[101,0],[254,0],[249,0],[92,0],[180,0],[187,0],[94,0],[24,0],[346,0],[48,0],[194,0]]]
[300,0,[[320,0],[80,0],[299,0],[346,0],[130,0],[94,0]]]
[301,0,[[47,0],[324,0]]]
[302,0,[[48,0],[299,0],[180,0],[101,0],[92,0],[187,0],[204,0],[242,0],[53,0],[346,0],[249,0],[315,0],[330,0],[24,0],[194,0],[94,0],[254,0],[57,0],[266,0]]]
[303,0,[[67,0],[213,0],[239,0],[186,0],[88,0],[30,0],[178,0],[142,0],[56,0],[345,0],[122,0],[285,0],[132,0],[221,0],[322,0],[109,0],[236,0],[45,0],[315,0],[104,0]]]
[304,0,[[13,0],[31,0],[246,0],[285,0],[315,0],[341,0],[118,0],[236,0],[136,0],[188,0],[84,0],[69,0],[141,0],[347,0],[199,0],[40,0],[200,0],[134,0],[7,0],[277,0],[211,0],[252,0],[66,0],[9,0],[168,0],[332,0],[113,0],[26,0],[280,0],[271,0],[239,0],[67,0],[56,0],[122,0],[75,0],[272,0],[334,0],[98,0],[257,0],[109,0],[203,0],[224,0],[212,0],[161,0],[170,0],[172,0],[308,0],[324,0],[21,0],[322,0],[158,0],[325,0],[249,0],[30,0]]]
[305,0,[[312,0]]]
[306,0,[[4,0],[181,0],[195,0],[328,0],[218,0],[273,0],[78,0],[275,0]]]
[307,0,[[40,0],[230,0],[71,0]]]
[308,0,[[66,0],[322,0],[252,0],[161,0],[67,0],[304,0],[329,0],[203,0],[334,0],[136,0],[213,0],[22,0],[26,0],[87,0],[323,0],[7,0],[338,0],[246,0],[21,0],[172,0],[142,0],[31,0],[277,0]]]
[309,0,[[284,0],[36,0],[251,0],[197,0],[184,0],[127,0],[281,0],[320,0],[135,0]]]
[310,0,[[28,0],[14,0],[243,0],[337,0],[93,0],[41,0],[167,0],[151,0],[111,0],[137,0],[17,0],[32,0]]]
[311,0,[[248,0],[344,0],[132,0],[277,0],[325,0],[265,0]]]
[312,0,[[144,0],[226,0],[116,0],[2,0],[41,0],[151,0],[19,0],[140,0],[162,0],[20,0],[214,0],[343,0],[137,0],[115,0],[17,0],[44,0],[220,0],[305,0],[14,0],[111,0],[262,0],[326,0],[149,0],[243,0],[28,0]]]
[313,0,[[119,0],[238,0],[67,0],[128,0],[339,0],[84,0],[223,0],[82,0],[39,0],[314,0],[113,0],[211,0],[13,0],[325,0],[56,0],[285,0],[146,0],[252,0],[271,0],[118,0],[342,0],[170,0],[261,0],[98,0],[60,0],[315,0],[239,0],[199,0],[26,0],[222,0],[172,0],[203,0],[54,0],[21,0],[265,0],[63,0]]]
[314,0,[[109,0],[261,0],[271,0],[161,0],[313,0],[236,0],[96,0],[50,0],[82,0],[342,0],[199,0],[65,0]]]
[315,0,[[1,0],[142,0],[224,0],[304,0],[7,0],[40,0],[188,0],[21,0],[199,0],[94,0],[53,0],[252,0],[122,0],[169,0],[5,0],[87,0],[277,0],[67,0],[231,0],[271,0],[339,0],[170,0],[236,0],[288,0],[9,0],[285,0],[136,0],[246,0],[185,0],[132,0],[211,0],[257,0],[105,0],[223,0],[56,0],[302,0],[329,0],[324,0],[280,0],[121,0],[26,0],[128,0],[98,0],[323,0],[322,0],[203,0],[313,0],[133,0],[291,0],[158,0],[249,0],[213,0],[80,0],[303,0],[345,0]]]
[316,0,[[5,0]]]
[317,0,[[40,0],[146,0],[53,0],[101,0],[132,0],[158,0]]]
[318,0,[[271,0],[82,0],[104,0],[334,0],[62,0],[169,0],[236,0],[123,0],[261,0],[119,0]]]
[319,0,[[327,0],[95,0],[19,0],[219,0],[6,0],[147,0],[89,0]]]
[320,0,[[80,0],[197,0],[284,0],[281,0],[309,0],[346,0],[139,0],[251,0],[329,0],[57,0],[94,0],[36,0],[159,0],[135,0],[272,0],[108,0],[300,0],[184,0],[127,0],[48,0]]]
[321,0,[[143,0],[175,0]]]
[322,0,[[271,0],[224,0],[67,0],[221,0],[200,0],[133,0],[7,0],[169,0],[236,0],[297,0],[342,0],[213,0],[303,0],[185,0],[341,0],[40,0],[304,0],[207,0],[285,0],[87,0],[126,0],[38,0],[277,0],[142,0],[239,0],[232,0],[280,0],[188,0],[199,0],[260,0],[315,0],[186,0],[26,0],[109,0],[178,0],[170,0],[345,0],[30,0],[252,0],[339,0],[250,0],[104,0],[329,0],[242,0],[75,0],[257,0],[158,0],[276,0],[9,0],[21,0],[308,0],[88,0],[62,0],[246,0],[118,0],[128,0],[323,0],[85,0],[161,0],[130,0],[1,0],[60,0],[56,0],[136,0],[45,0],[203,0],[48,0],[290,0],[25,0],[122,0],[53,0]]]
[323,0,[[26,0],[188,0],[67,0],[100,0],[248,0],[308,0],[274,0],[25,0],[186,0],[109,0],[75,0],[21,0],[10,0],[200,0],[315,0],[297,0],[277,0],[239,0],[9,0],[170,0],[271,0],[280,0],[290,0],[56,0],[322,0],[258,0],[332,0],[285,0],[341,0],[3,0],[103,0],[122,0],[119,0],[96,0],[62,0],[141,0],[85,0],[142,0]]]
[324,0,[[67,0],[224,0],[27,0],[203,0],[340,0],[297,0],[200,0],[277,0],[315,0],[304,0],[331,0],[238,0],[252,0],[199,0],[213,0],[119,0],[150,0],[301,0],[332,0],[22,0],[136,0],[109,0],[118,0],[217,0],[329,0]]]
[325,0,[[118,0],[313,0],[271,0],[311,0],[203,0],[82,0],[261,0],[238,0],[113,0],[67,0],[25,0],[342,0],[119,0],[56,0],[277,0],[158,0],[199,0],[40,0],[122,0],[223,0],[268,0],[304,0],[200,0],[211,0],[239,0],[26,0],[59,0],[172,0],[265,0],[186,0],[13,0],[222,0],[252,0],[98,0],[161,0],[21,0],[104,0],[109,0]]]
[326,0,[[20,0],[14,0],[140,0],[111,0],[137,0],[144,0],[115,0],[2,0],[312,0],[41,0],[226,0],[162,0],[116,0],[28,0],[214,0],[343,0],[149,0],[17,0]]]
[327,0,[[319,0],[89,0],[95,0]]]
[328,0,[[273,0],[181,0],[195,0],[78,0],[218,0],[4,0],[275,0],[306,0]]]
[329,0,[[72,0],[40,0],[284,0],[172,0],[231,0],[204,0],[30,0],[324,0],[315,0],[54,0],[202,0],[280,0],[178,0],[320,0],[9,0],[322,0],[130,0],[308,0],[27,0],[16,0],[106,0],[197,0],[332,0],[150,0],[184,0],[272,0],[119,0],[269,0],[291,0]]]
[330,0,[[101,0],[254,0],[346,0],[302,0],[48,0],[196,0],[53,0],[299,0],[92,0],[266,0],[204,0],[249,0],[242,0],[94,0],[80,0]]]
[331,0,[[25,0],[82,0],[73,0],[50,0],[332,0],[172,0],[265,0],[119,0],[186,0],[30,0],[211,0],[16,0],[203,0],[271,0],[118,0],[98,0],[56,0],[324,0],[109,0]]]
[332,0,[[213,0],[170,0],[280,0],[285,0],[21,0],[106,0],[304,0],[53,0],[277,0],[142,0],[40,0],[224,0],[77,0],[323,0],[26,0],[172,0],[48,0],[56,0],[271,0],[169,0],[10,0],[109,0],[231,0],[119,0],[122,0],[252,0],[16,0],[200,0],[291,0],[208,0],[324,0],[203,0],[331,0],[158,0],[67,0],[248,0],[329,0],[25,0],[38,0],[98,0],[104,0],[13,0]]]
[333,0,[[162,0],[20,0],[214,0],[226,0],[343,0],[149,0],[2,0]]]
[334,0,[[66,0],[200,0],[134,0],[318,0],[123,0],[56,0],[128,0],[229,0],[170,0],[142,0],[40,0],[67,0],[50,0],[308,0],[203,0],[188,0],[169,0],[9,0],[304,0],[277,0],[165,0],[132,0],[339,0],[21,0],[113,0],[26,0],[252,0]]]
[336,0,[[88,0],[25,0]]]
[337,0,[[310,0],[243,0],[167,0],[137,0],[93,0],[32,0],[41,0],[111,0]]]
[338,0,[[239,0],[29,0],[308,0],[31,0],[252,0],[203,0]]]
[339,0,[[158,0],[103,0],[347,0],[7,0],[146,0],[291,0],[315,0],[65,0],[322,0],[260,0],[152,0],[246,0],[277,0],[22,0],[313,0],[31,0],[334,0],[148,0],[87,0],[129,0],[161,0],[340,0],[136,0],[38,0],[168,0],[119,0]]]
[340,0,[[246,0],[324,0],[339,0],[7,0],[213,0]]]
[341,0,[[323,0],[170,0],[62,0],[203,0],[304,0],[188,0],[274,0],[56,0],[322,0],[9,0],[186,0]]]
[342,0,[[285,0],[123,0],[9,0],[325,0],[122,0],[223,0],[252,0],[238,0],[322,0],[199,0],[188,0],[271,0],[113,0],[203,0],[290,0],[313,0],[265,0],[170,0],[277,0],[314,0],[261,0],[165,0],[118,0],[21,0],[172,0],[63,0],[211,0],[98,0],[56,0],[13,0],[119,0],[67,0],[59,0]]]
[343,0,[[144,0],[20,0],[162,0],[14,0],[214,0],[312,0],[226,0],[326,0],[333,0],[41,0],[116,0],[19,0],[111,0],[44,0],[2,0],[149,0],[115,0]]]
[344,0,[[122,0],[311,0],[67,0],[212,0],[185,0],[104,0],[257,0],[239,0]]]
[345,0,[[213,0],[178,0],[322,0],[142,0],[45,0],[315,0],[261,0],[252,0],[303,0],[21,0],[186,0],[285,0],[67,0],[159,0],[122,0]]]
[346,0,[[187,0],[266,0],[94,0],[299,0],[254,0],[330,0],[180,0],[57,0],[80,0],[242,0],[302,0],[249,0],[24,0],[92,0],[53,0],[130,0],[300,0],[272,0],[127,0],[101,0],[196,0],[320,0],[204,0],[194,0],[184,0],[1,0]]]
[347,0,[[339,0],[22,0],[7,0],[304,0],[168,0],[129,0]]]
